%YAML:1.0
---
calibration_time: "dom 16 abr 2017 11:27:19 UTC"
nframes: 10
image_width: 640
image_height: 480
board_width: 7
board_height: 5
square_size: 1.
aspectRatio: 1.
flags: 2
camera_matrix: !!opencv-matrix
   rows: 3
   cols: 3
   dt: d
   data: [ 1.6464109453904164e+03, 0., 2.9337412526069420e+02, 0.,
       1.6464109453904164e+03, 2.9471119428649519e+02, 0., 0., 1. ]
distortion_coefficients: !!opencv-matrix
   rows: 5
   cols: 1
   dt: d
   data: [ 4.4389666705445041e+00, -6.7933158121339488e+02,
       -3.5328041724243725e-01, 2.0283057149971395e-01,
       1.0826300614320820e+04 ]
avg_reprojection_error: 1.9782288818140563e+00
per_view_reprojection_errors: !!opencv-matrix
   rows: 10
   cols: 1
   dt: f
   data: [ 1.46765316e+00, 1.58119667e+00, 1.98677599e+00,
       1.87441969e+00, 1.71164715e+00, 1.33379877e+00, 1.31065500e+00,
       1.13089681e+00, 2.97506309e+00, 3.23457551e+00 ]
extrinsic_parameters: !!opencv-matrix
   rows: 10
   cols: 6
   dt: d
   data: [ 4.4437474136402555e-01, 8.3859789741128649e-02,
       1.1637329817730995e+00, 4.6697501337068861e+00,
       -6.1424174098020163e+00, 6.8124104463638531e+01,
       -3.7337146017163519e-01, 1.1166373423591818e-02,
       1.2638578451464209e+00, 5.2608457558147936e+00,
       -6.9077125903764500e+00, 7.5485430115045915e+01,
       -7.0543616907162640e-02, 1.4205054759192176e-01,
       3.5333039284332529e-01, 4.6153686539813971e-01,
       -1.1736138000324811e+01, 7.2726341075229058e+01,
       -9.9153566797224327e-02, 1.2376707732579201e-01,
       3.4889111848975118e-01, 4.4739680301186557e-01,
       -1.1923307181365898e+01, 7.3269607362452533e+01,
       -7.4682821723248832e-02, 1.1694908035798886e-01,
       3.2750992906351239e-01, 5.6283084564538122e-01,
       -1.2299901677393004e+01, 7.8384260325407240e+01,
       1.6120157485162982e-02, 3.1930631030387825e-02,
       -2.3772289009586450e-01, -3.5282696373197000e+00,
       -1.2457361642059297e+01, 8.3067582174679231e+01,
       1.8824301639099428e-01, 1.8824291550313793e-01,
       -4.3687741175631295e-01, -5.5919154638894115e+00,
       -1.2181771909407466e+01, 8.4799259994569226e+01,
       4.4018255297768472e-01, -1.5264306721628473e-01,
       1.1617543532358143e+00, -8.0797112580940533e-01,
       -1.0855112154295201e+01, 9.4362916490220655e+01,
       3.3294368154741744e-01, 1.9510284329623559e-01,
       -1.3993638855773316e+00, -6.7441689951344879e+00,
       1.6014598684267720e+00, 7.3502871884714011e+01,
       3.3052822521349934e-01, 1.7947130678580359e-01,
       -1.3986473246917324e+00, -7.1934526586165619e+00,
       1.3284502478370721e+00, 7.2098994473199269e+01 ]
image_points: !!opencv-matrix
   rows: 10
   cols: 35
   dt: "2f"
   data: [ 4.14844147e+02, 1.32190933e+02, 4.26290863e+02,
       1.53997818e+02, 4.36814728e+02, 1.77217422e+02, 4.46889801e+02,
       2.01084305e+02, 4.55377716e+02, 2.24951843e+02, 4.62793793e+02,
       2.47968338e+02, 4.68379944e+02, 2.69659546e+02, 3.92801605e+02,
       1.41136887e+02, 4.03714172e+02, 1.63261322e+02, 4.14337555e+02,
       1.86674088e+02, 4.24312897e+02, 2.10687469e+02, 4.33639221e+02,
       2.35298401e+02, 4.41306976e+02, 2.58342316e+02, 4.47618500e+02,
       2.80238647e+02, 3.70136566e+02, 1.50610519e+02, 3.80544861e+02,
       1.72956909e+02, 3.90665009e+02, 1.96499817e+02, 4.00775879e+02,
       2.20857941e+02, 4.09943268e+02, 2.45022461e+02, 4.18340363e+02,
       2.68554291e+02, 4.25182892e+02, 2.89342773e+02, 3.47311737e+02,
       1.60495163e+02, 3.57040405e+02, 1.82921722e+02, 3.66811829e+02,
       2.06615921e+02, 3.76517487e+02, 2.30733109e+02, 3.85986664e+02,
       2.54967972e+02, 3.94457245e+02, 2.77348694e+02, 4.01996277e+02,
       2.98360229e+02, 3.25390747e+02, 1.70871017e+02, 3.34078308e+02,
       1.93021042e+02, 3.43200958e+02, 2.16270645e+02, 3.52459808e+02,
       2.40288742e+02, 3.61757538e+02, 2.63475830e+02, 3.70575195e+02,
       2.85865845e+02, 3.78863647e+02, 3.05173737e+02, 4.17201324e+02,
       1.30232498e+02, 4.25506744e+02, 1.49376251e+02, 4.33489075e+02,
       1.69841507e+02, 4.41239838e+02, 1.91671722e+02, 4.48130524e+02,
       2.13822388e+02, 4.54207367e+02, 2.36267242e+02, 4.59213898e+02,
       2.57762054e+02, 3.97147430e+02, 1.35267700e+02, 4.05102295e+02,
       1.54720291e+02, 4.12763306e+02, 1.75774445e+02, 4.20425385e+02,
       1.97851013e+02, 4.27617035e+02, 2.20773972e+02, 4.33892303e+02,
       2.43743896e+02, 4.39337402e+02, 2.65955627e+02, 3.76101624e+02,
       1.40682846e+02, 3.83484009e+02, 1.60543472e+02, 3.90811127e+02,
       1.81801956e+02, 3.98427582e+02, 2.04557800e+02, 4.05401733e+02,
       2.27961746e+02, 4.11939636e+02, 2.51365082e+02, 4.17514130e+02,
       2.73548645e+02, 3.54531982e+02, 1.46656433e+02, 3.61229614e+02,
       1.66834366e+02, 3.68168518e+02, 1.88404251e+02, 3.75166840e+02,
       2.11410385e+02, 3.82193359e+02, 2.35057068e+02, 3.88569916e+02,
       2.58436401e+02, 3.94631287e+02, 2.80866577e+02, 3.33137634e+02,
       1.53743484e+02, 3.38775391e+02, 1.73706421e+02, 3.45025513e+02,
       1.95440735e+02, 3.51473053e+02, 2.18404327e+02, 3.58302856e+02,
       2.41946533e+02, 3.64921661e+02, 2.65445282e+02, 3.71184479e+02,
       2.87084351e+02, 3.10934540e+02, 2.57294216e+01, 3.30980499e+02,
       2.85009251e+01, 3.51988342e+02, 3.23904686e+01, 3.74042847e+02,
       3.80152512e+01, 3.96384033e+02, 4.51655807e+01, 4.18422272e+02,
       5.38035202e+01, 4.39648712e+02, 6.37478523e+01, 3.02862274e+02,
       4.23211327e+01, 3.22694031e+02, 4.51064758e+01, 3.44003052e+02,
       4.94576797e+01, 3.66267456e+02, 5.50249062e+01, 3.89279358e+02,
       6.23529739e+01, 4.11818512e+02, 7.12822037e+01, 4.33722473e+02,
       8.14923401e+01, 2.94670166e+02, 6.01713409e+01, 3.14435760e+02,
       6.34788895e+01, 3.35574890e+02, 6.79784546e+01, 3.58090027e+02,
       7.40454483e+01, 3.81323578e+02, 8.16893845e+01, 4.04425537e+02,
       9.08455505e+01, 4.26461975e+02, 1.01118530e+02, 2.86611633e+02,
       7.92451324e+01, 3.06170563e+02, 8.32460480e+01, 3.27075195e+02,
       8.82144241e+01, 3.49506073e+02, 9.48343964e+01, 3.72822296e+02,
       1.02702240e+02, 3.96040649e+02, 1.12173470e+02, 4.18409912e+02,
       1.22317101e+02, 2.79644806e+02, 9.96671829e+01, 2.98430481e+02,
       1.04399551e+02, 3.19018616e+02, 1.09972816e+02, 3.40904633e+02,
       1.16850319e+02, 3.64066071e+02, 1.25155952e+02, 3.87292114e+02,
       1.34417236e+02, 4.09302155e+02, 1.44201141e+02, 3.10886627e+02,
       2.42506676e+01, 3.30736877e+02, 2.67324276e+01, 3.51556305e+02,
       3.06238937e+01, 3.73269653e+02, 3.60838928e+01, 3.95374847e+02,
       4.29705887e+01, 4.17115875e+02, 5.15283890e+01, 4.38106598e+02,
       6.11990242e+01, 3.02859375e+02, 4.03231735e+01, 3.22601196e+02,
       4.28282013e+01, 3.43700775e+02, 4.71986084e+01, 3.65823547e+02,
       5.25069046e+01, 3.88524139e+02, 5.96224594e+01, 4.10848328e+02,
       6.83471985e+01, 4.32482513e+02, 7.83796005e+01, 2.94721161e+02,
       5.75706902e+01, 3.14435089e+02, 6.07539330e+01, 3.35434540e+02,
       6.50856094e+01, 3.57780823e+02, 7.08970566e+01, 3.80777374e+02,
       7.84125290e+01, 4.03705109e+02, 8.74063568e+01, 4.25552277e+02,
       9.74527588e+01, 2.86599304e+02, 7.63280563e+01, 3.06187653e+02,
       8.02074203e+01, 3.27123993e+02, 8.48115845e+01, 3.49457794e+02,
       9.13817902e+01, 3.72710602e+02, 9.89487915e+01, 3.95669830e+02,
       1.08206467e+02, 4.17868958e+02, 1.18218681e+02, 2.79511993e+02,
       9.65489044e+01, 2.98430450e+02, 1.00977425e+02, 3.19085632e+02,
       1.06372978e+02, 3.41056030e+02, 1.12968857e+02, 3.64188751e+02,
       1.21179794e+02, 3.87306732e+02, 1.30219940e+02, 4.09200531e+02,
       1.39757187e+02, 3.12146729e+02, 3.07094498e+01, 3.31129608e+02,
       3.31524467e+01, 3.51088654e+02, 3.66306152e+01, 3.71646545e+02,
       4.16470642e+01, 3.92613464e+02, 4.78615227e+01, 4.13341064e+02,
       5.54836998e+01, 4.33383606e+02, 6.42479706e+01, 3.05075653e+02,
