%YAML:1.0
---
calibration_time: "dom 16 abr 2017 10:53:14 UTC"
nframes: 10
image_width: 640
image_height: 480
board_width: 7
board_height: 5
square_size: 1.
aspectRatio: 1.
flags: 2
camera_matrix: !!opencv-matrix
   rows: 3
   cols: 3
   dt: d
   data: [ 3.5689423139067566e+02, 0., 3.0611747813696172e+02, 0.,
       3.5689423139067566e+02, 2.3272214554549359e+02, 0., 0., 1. ]
distortion_coefficients: !!opencv-matrix
   rows: 5
   cols: 1
   dt: d
   data: [ -3.8666478614874666e-01, -9.8130557015187886e-04,
       -4.6261915659435264e-03, 3.2972518504593054e-02,
       -8.0338810075426245e-02 ]
avg_reprojection_error: 7.2423633330866122e-01
per_view_reprojection_errors: !!opencv-matrix
   rows: 10
   cols: 1
   dt: f
   data: [ 7.45717287e-01, 7.96620071e-01, 7.76281834e-01,
       4.92443621e-01, 5.51164746e-01, 1.03316474e+00, 5.47599554e-01,
       7.81192601e-01, 6.99128389e-01, 6.62760079e-01 ]
extrinsic_parameters: !!opencv-matrix
   rows: 10
   cols: 6
   dt: d
   data: [ -4.6764413738733390e-01, 2.4912782674172024e-01,
       -1.0796422151329279e+00, 2.5126489678823547e+00,
       4.8571202645349274e+00, 1.9699253081222906e+01,
       -4.9189544594974594e-01, 3.1834519612236151e-01,
       -1.2365779653528155e+00, 3.5742784365760745e+00,
       4.7233994976232747e+00, 1.8967792141361357e+01,
       -1.2458702224576659e-01, 5.3712971128086440e-01,
       -7.2020953145147226e-01, 3.8380974433863670e+00,
       -8.9505804330497274e-01, 1.7814002002521292e+01,
       5.1570262474247208e-01, 3.2357110332782280e-01,
       1.4890968654084913e+00, 7.9792722154962297e+00,
       -6.8339281002085572e+00, 1.6986521372150939e+01,
       3.6279808828711307e-01, 3.7550343493092614e-01,
       1.1095340373226301e+00, 5.5599526083359851e+00,
       -8.0801955958826497e+00, 1.8161980732396636e+01,
       2.8445332049582694e-01, 3.2165876073674837e-01,
       3.8132113430049808e-01, 7.4842958212040400e-01,
       -1.0014099875772146e+01, 2.0471125167248868e+01,
       1.0843999610034266e-01, -1.7033968837537775e-01,
       1.1881968411102621e+00, 1.1566648455568829e+00,
       -7.9741341169743585e+00, 2.1940261582917760e+01,
       2.7248823300169783e-01, -1.7147018562375671e-01,
       -1.3783544009871920e+00, -3.4180010487813504e+00,
       -4.2856945347357248e-02, 2.2466160026401166e+01,
       -2.7705527886195164e-01, 1.4619679196215654e-01,
       9.4020605521295564e-01, 2.7743659817732365e-02,
       4.4568895078233028e-01, 2.4043679006684304e+01,
       -2.5332855334591153e-01, 1.8643299126162879e-01,
       8.9259364935149987e-01, 1.3819644823380988e+00,
       6.4229459800604749e-01, 2.4759431578962353e+01 ]
image_points: !!opencv-matrix
   rows: 10
   cols: 35
   dt: "2f"
   data: [ 3.51266479e+02, 3.17102692e+02, 3.59502838e+02,
       3.02447296e+02, 3.68316589e+02, 2.87200134e+02, 3.76508575e+02,
       2.71514832e+02, 3.84812988e+02, 2.55566437e+02, 3.92507446e+02,
       2.39843414e+02, 4.00011230e+02, 2.24413574e+02, 3.66074005e+02,
       3.26288788e+02, 3.75151093e+02, 3.11339172e+02, 3.83700928e+02,
       2.95815277e+02, 3.92617920e+02, 2.79649048e+02, 4.00567017e+02,
       2.63322601e+02, 4.08638031e+02, 2.47000580e+02, 4.15702179e+02,
       2.31062241e+02, 3.81846313e+02, 3.35127045e+02, 3.90800323e+02,
       3.20248840e+02, 4.00124695e+02, 3.04274231e+02, 4.08683319e+02,
       2.87926788e+02, 4.17348877e+02, 2.71074280e+02, 4.24888214e+02,
       2.54374054e+02, 4.32159180e+02, 2.37974228e+02, 3.97633698e+02,
       3.43730804e+02, 4.07265747e+02, 3.28433594e+02, 4.16544495e+02,
       3.12716949e+02, 4.25584595e+02, 2.95814362e+02, 4.33756958e+02,
       2.78747223e+02, 4.41605255e+02, 2.61571259e+02, 4.48423981e+02,
       2.44847565e+02, 4.13817383e+02, 3.51138977e+02, 4.23402374e+02,
       3.36459381e+02, 4.33065155e+02, 3.20264984e+02, 4.42206268e+02,
       3.03646912e+02, 4.50474854e+02, 2.86185791e+02, 4.58031464e+02,
       2.68752228e+02, 4.64420258e+02, 2.51811920e+02, 3.72336182e+02,
       3.17099701e+02, 3.78221100e+02, 3.01131104e+02, 3.84463104e+02,
       2.84229401e+02, 3.90145050e+02, 2.66991302e+02, 3.95865967e+02,
       2.49480240e+02, 4.00957214e+02, 2.32206696e+02, 4.05914459e+02,
       2.15162231e+02, 3.88733521e+02, 3.24224976e+02, 3.95408630e+02,
       3.07555969e+02, 4.01596039e+02, 2.90516510e+02, 4.07779022e+02,
       2.72576630e+02, 4.13236298e+02, 2.54589172e+02, 4.18608521e+02,
       2.36593201e+02, 4.23174347e+02, 2.19055664e+02, 4.06212799e+02,
       3.30570557e+02, 4.12866638e+02, 3.14127869e+02, 4.19560455e+02,
       2.96410400e+02, 4.25620758e+02, 2.78379547e+02, 4.31568207e+02,
       2.59584625e+02, 4.36479004e+02, 2.41186600e+02, 4.41106628e+02,
       2.23121216e+02, 4.23685547e+02, 3.37071838e+02, 4.30930176e+02,
       3.19866821e+02, 4.37794800e+02, 3.02404907e+02, 4.44241638e+02,
       2.83583130e+02, 4.49818207e+02, 2.64638367e+02, 4.55028229e+02,
       2.45622360e+02, 4.59035980e+02, 2.27241852e+02, 4.41494263e+02,
       3.41902527e+02, 4.48829407e+02, 3.25456177e+02, 4.56123505e+02,
       3.07346191e+02, 4.62738495e+02, 2.88689026e+02, 4.68375732e+02,
       2.69386139e+02, 4.73281403e+02, 2.49940948e+02, 4.76934967e+02,
       2.31377533e+02, 3.82892365e+02, 2.15388474e+02, 3.97289825e+02,
       2.01568512e+02, 4.12304108e+02, 1.87450638e+02, 4.27107422e+02,
       1.72635941e+02, 4.41851257e+02, 1.58223267e+02, 4.55657379e+02,
       1.43771408e+02, 4.68789978e+02, 1.30518219e+02, 3.96185394e+02,
       2.30126190e+02, 4.11303986e+02, 2.16795990e+02, 4.26565460e+02,
       2.02572708e+02, 4.42001007e+02, 1.88193130e+02, 4.56775543e+02,
       1.73240433e+02, 4.70945801e+02, 1.58901428e+02, 4.83723389e+02,
       1.44940796e+02, 4.09578400e+02, 2.45220093e+02, 4.25008270e+02,
       2.32000122e+02, 4.40741577e+02, 2.18411072e+02, 4.56315582e+02,
       2.03761292e+02, 4.71448029e+02, 1.89211700e+02, 4.85389404e+02,
       1.74407135e+02, 4.98141815e+02, 1.60542282e+02, 4.22550598e+02,
       2.59987701e+02, 4.38219666e+02, 2.47398636e+02, 4.54249481e+02,
       2.33809677e+02, 4.69853699e+02, 2.19800491e+02, 4.84969635e+02,
       2.05010452e+02, 4.98806702e+02, 1.90622086e+02, 5.11248932e+02,
       1.76256256e+02, 4.34743774e+02, 2.74048035e+02, 4.50667053e+02,
       2.61881561e+02, 4.66633026e+02, 2.49202957e+02, 4.82582031e+02,
       2.35180786e+02, 4.97279388e+02, 2.21016251e+02, 5.10981659e+02,
       2.06347397e+02, 5.22788086e+02, 1.92228180e+02, 4.58455750e+02,
       1.05440620e+02, 4.61643585e+02, 1.21848175e+02, 4.64345673e+02,
       1.39867462e+02, 4.66262299e+02, 1.58515594e+02, 4.67380951e+02,
       1.77650803e+02, 4.67801270e+02, 1.96753052e+02, 4.67667450e+02,
       2.15351318e+02, 4.40980103e+02, 1.06295929e+02, 4.43718506e+02,
       1.22930511e+02, 4.46037659e+02, 1.40663437e+02, 4.47904022e+02,
       1.59358795e+02, 4.49194275e+02, 1.78345291e+02, 4.49658508e+02,
       1.97266068e+02, 4.49783661e+02, 2.15919113e+02, 4.23376404e+02,
       1.07749672e+02, 4.25608582e+02, 1.24432365e+02, 4.27751617e+02,
       1.42037781e+02, 4.29341339e+02, 1.60457825e+02, 4.30593658e+02,
       1.79103821e+02, 4.31325287e+02, 1.97766693e+02, 4.31687439e+02,
       2.16190811e+02, 4.05578186e+02, 1.09879463e+02, 4.07790405e+02,
       1.26377342e+02, 4.09424652e+02, 1.43701553e+02, 4.11106018e+02,
       1.61670609e+02, 4.12225800e+02, 1.80017929e+02, 4.13117462e+02,
       1.98344894e+02, 4.13504913e+02, 2.16428299e+02, 3.88569885e+02,
       1.12296967e+02, 3.90162659e+02, 1.28581894e+02, 3.91748383e+02,
       1.45534088e+02, 3.93065643e+02, 1.63279816e+02, 3.94359253e+02,
       1.80899445e+02, 3.95135132e+02, 1.98979141e+02, 3.95947235e+02,
       2.16501953e+02, 4.08285034e+02, 8.89559555e+01, 4.17263916e+02,
       1.01439346e+02, 4.26607697e+02, 1.16263145e+02, 4.35729431e+02,
       1.31754425e+02, 4.44568726e+02, 1.48409378e+02, 4.53261383e+02,
       1.65745712e+02, 4.60997864e+02, 1.83014420e+02, 3.93113770e+02,
